1778006762940 0.781218319276755 1
1778006823426 0.6496253451566115 2
1778006885973 0.5679960071399648 3
1778006946057 0.3883973313061567 4
1778007005485 0.40602442782412296 5
1778007064704 0.3087102999663695 6
1778007124240 0.23311779634713273 7
1778007182691 0.2434753392118707 8
1778007241471 0.26376721316341006 9
1778007301482 0.30983284959656365 10
1778007360864 0.2099042061622852 11
1778007421105 0.24357641619166165 12
1778007483107 0.2296818755300028 13
1778007542860 0.10164835285328622 14
1778007604372 0.1162382926004121 15
1778007667361 0.09702532255094111 16
1778007729947 0.0983088390908361 17
1778007789560 0.13943323169878308 18
1778007848544 0.09478664072397362 19
1778007905193 0.05605372078850278 20
1778007971055 0.062021554985140386 21
