1777998735479 0.781218319276755 1
1777998802203 0.6496253451566115 2
1777998867013 0.5679960071399648 3
1777998933714 0.3883973313061567 4
1777999001559 0.40602442782412296 5
1777999061879 0.3087102999663695 6
1777999125423 0.23311779634713273 7
1777999191738 0.2434753392118707 8
1777999259673 0.26376721316341006 9
1777999332277 0.30983284959656365 10
1777999408708 0.2099042061622852 11
1777999469638 0.24357641619166165 12
1777999532486 0.2296818755300028 13
1777999596091 0.10164835285328622 14
1777999665675 0.1162382926004121 15
1777999726148 0.09702532255094111 16
1777999784751 0.0983088390908361 17
1777999842427 0.13943323169878308 18
1777999901643 0.09478664072397362 19
1777999960967 0.05605372078850278 20
1778000020602 0.062021554985140386 21
